# Created by Octave 4.0.2, Sun May 29 17:05:16 2016 Финляндия (лето) <unknown@mish-ПК>
# name: a
# type: diagonal matrix
# rows: 3
# columns: 3
1
1
1


